# pattern_type 0
16 16
255 255 255 255 255 255 255 255 255 255 255 255 255 255 255 255
255 255 255 255 255 255 255 255 255 255 255 255 255 255 255 255
255 255 255 255 255 255 255 255 255 255 255 255 255 255 255 255
255 255 255 255 255 255 255 255 255 255 255 255 255 255 255 255
255 255 255 255 255 255 255 255 255 255 255 255 255 255 255 255
255 255 255 255 255 255 255 255 255 255 255 255 255 255 255 255
255 255 255 255 255 255 255 255 255 255 255 255 255 255 255 255
255 255 255 255 255 255 255 255 255 255 255 255 255 255 255 255
255 255 255 255 255 255 255 255 255 255 255 255 255 255 255 255
255  13 255 255  13 255  13 171 255 255 255 255 255 255 255 255
255   0 255 255   0 255   0 163 255 255 255 255 255 255 255 255
255   0 251 251   0 255   0 162   0  29   0 188   0   0   0 255
255   0   0   0   0 255   0 162   0 103 255   0 255 255   0 254
255   0 255 255   0 255   0 162   0 240 255   0 255 255   1 254
255   0 255 255   0 255   0 162   0 240 255  25   0   1   0 255
255 255 255 255 255 255 255 255 255 255 255 255 255 250 255 255
255 255 255 255 255 255 255 255 255 255 255 255 255 255 255 255